2021/02/18-19:55:09.082222 3b54 RocksDB version: 6.15.2
2021/02/18-19:55:09.082272 3b54 Git sha rocksdb_build_git_sha:@ca8082762f736a665b75fa1d39468856071bc3a9@
2021/02/18-19:55:09.082286 3b54 Compile date Jan  4 2021
2021/02/18-19:55:09.082314 3b54 DB SUMMARY
2021/02/18-19:55:09.082327 3b54 DB Session ID:  S1TRBZ3WSWJC7LHVWPM4
2021/02/18-19:55:09.082439 3b54 CURRENT file:  CURRENT
2021/02/18-19:55:09.082453 3b54 IDENTITY file:  IDENTITY
2021/02/18-19:55:09.082502 3b54 MANIFEST file:  MANIFEST-000003 size: 1167 Bytes
2021/02/18-19:55:09.082517 3b54 SST files in E:\project\java\mulspider\mulspider-core\.\file\rockdb\rock_WallHaven dir, Total Num: 0, files: 
2021/02/18-19:55:09.082527 3b54 Write Ahead Log file in E:\project\java\mulspider\mulspider-core\.\file\rockdb\rock_WallHaven: 000004.log size: 14788110 ; 
2021/02/18-19:55:09.083156 3b54                         Options.error_if_exists: 0
2021/02/18-19:55:09.083164 3b54                       Options.create_if_missing: 1
2021/02/18-19:55:09.083169 3b54                         Options.paranoid_checks: 1
2021/02/18-19:55:09.083173 3b54                               Options.track_and_verify_wals_in_manifest: 0
2021/02/18-19:55:09.083177 3b54                                     Options.env: 0000000000FF24C0
2021/02/18-19:55:09.083189 3b54                                      Options.fs: Legacy File System
2021/02/18-19:55:09.083194 3b54                                Options.info_log: 000000000100E150
2021/02/18-19:55:09.083198 3b54                Options.max_file_opening_threads: 16
2021/02/18-19:55:09.083202 3b54                              Options.statistics: 0000000000000000
2021/02/18-19:55:09.083206 3b54                               Options.use_fsync: 0
2021/02/18-19:55:09.083210 3b54                       Options.max_log_file_size: 0
2021/02/18-19:55:09.083216 3b54                  Options.max_manifest_file_size: 1073741824
2021/02/18-19:55:09.083225 3b54                   Options.log_file_time_to_roll: 0
2021/02/18-19:55:09.083229 3b54                       Options.keep_log_file_num: 10
2021/02/18-19:55:09.083233 3b54                    Options.recycle_log_file_num: 0
2021/02/18-19:55:09.083237 3b54                         Options.allow_fallocate: 1
2021/02/18-19:55:09.083241 3b54                        Options.allow_mmap_reads: 0
2021/02/18-19:55:09.083245 3b54                       Options.allow_mmap_writes: 0
2021/02/18-19:55:09.083249 3b54                        Options.use_direct_reads: 0
2021/02/18-19:55:09.083253 3b54                        Options.use_direct_io_for_flush_and_compaction: 0
2021/02/18-19:55:09.083257 3b54          Options.create_missing_column_families: 1
2021/02/18-19:55:09.083261 3b54                              Options.db_log_dir: 
2021/02/18-19:55:09.083265 3b54                                 Options.wal_dir: E:\project\java\mulspider\mulspider-core\.\file\rockdb\rock_WallHaven
2021/02/18-19:55:09.083269 3b54                Options.table_cache_numshardbits: 6
2021/02/18-19:55:09.083273 3b54                         Options.WAL_ttl_seconds: 0
2021/02/18-19:55:09.083277 3b54                       Options.WAL_size_limit_MB: 0
2021/02/18-19:55:09.083281 3b54                        Options.max_write_batch_group_size_bytes: 1048576
2021/02/18-19:55:09.083285 3b54             Options.manifest_preallocation_size: 4194304
2021/02/18-19:55:09.083289 3b54                     Options.is_fd_close_on_exec: 1
2021/02/18-19:55:09.083293 3b54                   Options.advise_random_on_open: 1
2021/02/18-19:55:09.083297 3b54                    Options.db_write_buffer_size: 0
2021/02/18-19:55:09.083301 3b54                    Options.write_buffer_manager: 0000000001066570
2021/02/18-19:55:09.083305 3b54         Options.access_hint_on_compaction_start: 1
2021/02/18-19:55:09.083309 3b54  Options.new_table_reader_for_compaction_inputs: 0
2021/02/18-19:55:09.083313 3b54           Options.random_access_max_buffer_size: 1048576
2021/02/18-19:55:09.083317 3b54                      Options.use_adaptive_mutex: 0
2021/02/18-19:55:09.083321 3b54                            Options.rate_limiter: 0000000000000000
2021/02/18-19:55:09.083344 3b54     Options.sst_file_manager.rate_bytes_per_sec: 0
2021/02/18-19:55:09.083349 3b54                       Options.wal_recovery_mode: 2
2021/02/18-19:55:09.083353 3b54                  Options.enable_thread_tracking: 0
2021/02/18-19:55:09.083357 3b54                  Options.enable_pipelined_write: 0
2021/02/18-19:55:09.083361 3b54                  Options.unordered_write: 0
2021/02/18-19:55:09.083365 3b54         Options.allow_concurrent_memtable_write: 1
2021/02/18-19:55:09.083369 3b54      Options.enable_write_thread_adaptive_yield: 1
2021/02/18-19:55:09.083373 3b54             Options.write_thread_max_yield_usec: 100
2021/02/18-19:55:09.083377 3b54            Options.write_thread_slow_yield_usec: 3
2021/02/18-19:55:09.083381 3b54                               Options.row_cache: None
2021/02/18-19:55:09.083385 3b54                              Options.wal_filter: None
2021/02/18-19:55:09.083389 3b54             Options.avoid_flush_during_recovery: 0
2021/02/18-19:55:09.083393 3b54             Options.allow_ingest_behind: 0
2021/02/18-19:55:09.083397 3b54             Options.preserve_deletes: 0
2021/02/18-19:55:09.083401 3b54             Options.two_write_queues: 0
2021/02/18-19:55:09.083404 3b54             Options.manual_wal_flush: 0
2021/02/18-19:55:09.083408 3b54             Options.atomic_flush: 0
2021/02/18-19:55:09.083412 3b54             Options.avoid_unnecessary_blocking_io: 0
2021/02/18-19:55:09.083416 3b54                 Options.persist_stats_to_disk: 0
2021/02/18-19:55:09.083420 3b54                 Options.write_dbid_to_manifest: 0
2021/02/18-19:55:09.083424 3b54                 Options.log_readahead_size: 0
2021/02/18-19:55:09.083428 3b54                 Options.file_checksum_gen_factory: Unknown
2021/02/18-19:55:09.083431 3b54                 Options.best_efforts_recovery: 0
2021/02/18-19:55:09.083435 3b54                Options.max_bgerror_resume_count: 2147483647
2021/02/18-19:55:09.083439 3b54            Options.bgerror_resume_retry_interval: 1000000
2021/02/18-19:55:09.083443 3b54             Options.allow_data_in_errors: 0
2021/02/18-19:55:09.083447 3b54             Options.db_host_id: __hostname__
2021/02/18-19:55:09.083451 3b54             Options.max_background_jobs: 12
2021/02/18-19:55:09.083457 3b54             Options.max_background_compactions: -1
2021/02/18-19:55:09.083461 3b54             Options.max_subcompactions: 1
2021/02/18-19:55:09.083465 3b54             Options.avoid_flush_during_shutdown: 0
2021/02/18-19:55:09.083469 3b54           Options.writable_file_max_buffer_size: 1048576
2021/02/18-19:55:09.083473 3b54             Options.delayed_write_rate : 16777216
2021/02/18-19:55:09.083477 3b54             Options.max_total_wal_size: 67108864
2021/02/18-19:55:09.083480 3b54             Options.delete_obsolete_files_period_micros: 21600000000
2021/02/18-19:55:09.083485 3b54                   Options.stats_dump_period_sec: 600
2021/02/18-19:55:09.083489 3b54                 Options.stats_persist_period_sec: 600
2021/02/18-19:55:09.083493 3b54                 Options.stats_history_buffer_size: 1048576
2021/02/18-19:55:09.083497 3b54                          Options.max_open_files: -1
2021/02/18-19:55:09.083501 3b54                          Options.bytes_per_sync: 0
2021/02/18-19:55:09.083505 3b54                      Options.wal_bytes_per_sync: 0
2021/02/18-19:55:09.083509 3b54                   Options.strict_bytes_per_sync: 0
2021/02/18-19:55:09.083513 3b54       Options.compaction_readahead_size: 0
2021/02/18-19:55:09.083516 3b54                  Options.max_background_flushes: -1
2021/02/18-19:55:09.083521 3b54 Compression algorithms supported:
2021/02/18-19:55:09.083525 3b54 	kZSTD supported: 1
2021/02/18-19:55:09.083529 3b54 	kSnappyCompression supported: 1
2021/02/18-19:55:09.083533 3b54 	kBZip2Compression supported: 0
2021/02/18-19:55:09.083536 3b54 	kZlibCompression supported: 1
2021/02/18-19:55:09.083540 3b54 	kLZ4Compression supported: 1
2021/02/18-19:55:09.083544 3b54 	kXpressCompression supported: 0
2021/02/18-19:55:09.083548 3b54 	kLZ4HCCompression supported: 1
2021/02/18-19:55:09.083564 3b54 	kZSTDNotFinalCompression supported: 1
2021/02/18-19:55:09.083579 3b54 Fast CRC32 supported: Supported on x86
2021/02/18-19:55:09.084205 3b54 [db\version_set.cc:4725] Recovering from manifest file: E:\project\java\mulspider\mulspider-core\.\file\rockdb\rock_WallHaven/MANIFEST-000003
2021/02/18-19:55:09.084363 3b54 [db\column_family.cc:597] --------------- Options for column family [default]:
2021/02/18-19:55:09.084377 3b54               Options.comparator: leveldb.BytewiseComparator
2021/02/18-19:55:09.084382 3b54           Options.merge_operator: UInt64AddOperator
2021/02/18-19:55:09.084385 3b54        Options.compaction_filter: None
2021/02/18-19:55:09.084389 3b54        Options.compaction_filter_factory: None
2021/02/18-19:55:09.084397 3b54  Options.sst_partitioner_factory: None
2021/02/18-19:55:09.084401 3b54         Options.memtable_factory: SkipListFactory
2021/02/18-19:55:09.084405 3b54            Options.table_factory: BlockBasedTable
2021/02/18-19:55:09.084478 3b54            table_factory options:   flush_block_policy_factory: FlushBlockBySizePolicyFactory (000000000107F6B0)
  cache_index_and_filter_blocks: 1
  cache_index_and_filter_blocks_with_high_priority: 1
  pin_l0_filter_and_index_blocks_in_cache: 1
  pin_top_level_index_and_filter: 1
  index_type: 0
  data_block_index_type: 0
  index_shortening: 1
  data_block_hash_table_util_ratio: 0.750000
  hash_index_allow_collision: 1
  checksum: 1
  no_block_cache: 0
  block_cache: 0000000001010330
  block_cache_name: LRUCache
  block_cache_options:
    capacity : 8388608
    num_shard_bits : 4
    strict_capacity_limit : 0
    memory_allocator : None
    high_pri_pool_ratio: 0.500
  block_cache_compressed: 0000000000000000
  persistent_cache: 0000000000000000
  block_size: 4096
  block_size_deviation: 10
  block_restart_interval: 16
  index_block_restart_interval: 1
  metadata_block_size: 4096
  partition_filters: 0
  use_delta_encoding: 1
  filter_policy: rocksdb.BuiltinBloomFilter
  whole_key_filtering: 1
  verify_compression: 0
  read_amp_bytes_per_bit: 0
  format_version: 4
  enable_index_compression: 1
  block_align: 0
2021/02/18-19:55:09.084483 3b54        Options.write_buffer_size: 67108864
2021/02/18-19:55:09.084488 3b54  Options.max_write_buffer_number: 6
2021/02/18-19:55:09.084491 3b54          Options.compression: Snappy
2021/02/18-19:55:09.084496 3b54                  Options.bottommost_compression: Disabled
2021/02/18-19:55:09.084499 3b54       Options.prefix_extractor: nullptr
2021/02/18-19:55:09.084503 3b54   Options.memtable_insert_with_hint_prefix_extractor: nullptr
2021/02/18-19:55:09.084507 3b54             Options.num_levels: 4
2021/02/18-19:55:09.084511 3b54        Options.min_write_buffer_number_to_merge: 2
2021/02/18-19:55:09.084515 3b54     Options.max_write_buffer_number_to_maintain: 0
2021/02/18-19:55:09.084519 3b54     Options.max_write_buffer_size_to_maintain: 0
2021/02/18-19:55:09.084523 3b54            Options.bottommost_compression_opts.window_bits: -14
2021/02/18-19:55:09.084527 3b54                  Options.bottommost_compression_opts.level: 32767
2021/02/18-19:55:09.084531 3b54               Options.bottommost_compression_opts.strategy: 0
2021/02/18-19:55:09.084535 3b54         Options.bottommost_compression_opts.max_dict_bytes: 0
2021/02/18-19:55:09.084539 3b54         Options.bottommost_compression_opts.zstd_max_train_bytes: 0
2021/02/18-19:55:09.084544 3b54         Options.bottommost_compression_opts.parallel_threads: 1
2021/02/18-19:55:09.084548 3b54                  Options.bottommost_compression_opts.enabled: false
2021/02/18-19:55:09.084552 3b54            Options.compression_opts.window_bits: -14
2021/02/18-19:55:09.084556 3b54                  Options.compression_opts.level: 32767
2021/02/18-19:55:09.084560 3b54               Options.compression_opts.strategy: 0
2021/02/18-19:55:09.084564 3b54         Options.compression_opts.max_dict_bytes: 0
2021/02/18-19:55:09.084568 3b54         Options.compression_opts.zstd_max_train_bytes: 0
2021/02/18-19:55:09.084573 3b54         Options.compression_opts.parallel_threads: 1
2021/02/18-19:55:09.084579 3b54                  Options.compression_opts.enabled: false
2021/02/18-19:55:09.084583 3b54      Options.level0_file_num_compaction_trigger: 8
2021/02/18-19:55:09.084587 3b54          Options.level0_slowdown_writes_trigger: 16
2021/02/18-19:55:09.084590 3b54              Options.level0_stop_writes_trigger: 24
2021/02/18-19:55:09.084595 3b54                   Options.target_file_size_base: 67108864
2021/02/18-19:55:09.084599 3b54             Options.target_file_size_multiplier: 1
2021/02/18-19:55:09.084603 3b54                Options.max_bytes_for_level_base: 536870912
2021/02/18-19:55:09.084607 3b54 Options.level_compaction_dynamic_level_bytes: 0
2021/02/18-19:55:09.084610 3b54          Options.max_bytes_for_level_multiplier: 8.000000
2021/02/18-19:55:09.084615 3b54 Options.max_bytes_for_level_multiplier_addtl[0]: 1
2021/02/18-19:55:09.084619 3b54 Options.max_bytes_for_level_multiplier_addtl[1]: 1
2021/02/18-19:55:09.084623 3b54 Options.max_bytes_for_level_multiplier_addtl[2]: 1
2021/02/18-19:55:09.084627 3b54 Options.max_bytes_for_level_multiplier_addtl[3]: 1
2021/02/18-19:55:09.084631 3b54 Options.max_bytes_for_level_multiplier_addtl[4]: 1
2021/02/18-19:55:09.084635 3b54 Options.max_bytes_for_level_multiplier_addtl[5]: 1
2021/02/18-19:55:09.084639 3b54 Options.max_bytes_for_level_multiplier_addtl[6]: 1
2021/02/18-19:55:09.084643 3b54       Options.max_sequential_skip_in_iterations: 8
2021/02/18-19:55:09.084647 3b54                    Options.max_compaction_bytes: 1677721600
2021/02/18-19:55:09.084651 3b54                        Options.arena_block_size: 8388608
2021/02/18-19:55:09.084655 3b54   Options.soft_pending_compaction_bytes_limit: 68719476736
2021/02/18-19:55:09.084659 3b54   Options.hard_pending_compaction_bytes_limit: 274877906944
2021/02/18-19:55:09.084663 3b54       Options.rate_limit_delay_max_milliseconds: 100
2021/02/18-19:55:09.084667 3b54                Options.disable_auto_compactions: 0
2021/02/18-19:55:09.084672 3b54                        Options.compaction_style: kCompactionStyleUniversal
2021/02/18-19:55:09.084676 3b54                          Options.compaction_pri: kMinOverlappingRatio
2021/02/18-19:55:09.084681 3b54 Options.compaction_options_universal.size_ratio: 1
2021/02/18-19:55:09.084684 3b54 Options.compaction_options_universal.min_merge_width: 2
2021/02/18-19:55:09.084688 3b54 Options.compaction_options_universal.max_merge_width: 4294967295
2021/02/18-19:55:09.084693 3b54 Options.compaction_options_universal.max_size_amplification_percent: 200
2021/02/18-19:55:09.084697 3b54 Options.compaction_options_universal.compression_size_percent: 80
2021/02/18-19:55:09.084701 3b54 Options.compaction_options_universal.stop_style: kCompactionStopStyleTotalSize
2021/02/18-19:55:09.084705 3b54 Options.compaction_options_fifo.max_table_files_size: 1073741824
2021/02/18-19:55:09.084709 3b54 Options.compaction_options_fifo.allow_compaction: 0
2021/02/18-19:55:09.084717 3b54                   Options.table_properties_collectors: 
2021/02/18-19:55:09.084721 3b54                   Options.inplace_update_support: 0
2021/02/18-19:55:09.084725 3b54                 Options.inplace_update_num_locks: 10000
2021/02/18-19:55:09.084729 3b54               Options.memtable_prefix_bloom_size_ratio: 0.100000
2021/02/18-19:55:09.084735 3b54               Options.memtable_whole_key_filtering: 0
2021/02/18-19:55:09.084740 3b54   Options.memtable_huge_page_size: 0
2021/02/18-19:55:09.084744 3b54                           Options.bloom_locality: 0
2021/02/18-19:55:09.084747 3b54                    Options.max_successive_merges: 64
2021/02/18-19:55:09.084752 3b54                Options.optimize_filters_for_hits: 0
2021/02/18-19:55:09.084755 3b54                Options.paranoid_file_checks: 0
2021/02/18-19:55:09.084759 3b54                Options.force_consistency_checks: 1
2021/02/18-19:55:09.084763 3b54                Options.report_bg_io_stats: 0
2021/02/18-19:55:09.084767 3b54                               Options.ttl: 2592000
2021/02/18-19:55:09.084799 3b54          Options.periodic_compaction_seconds: 2592000
2021/02/18-19:55:09.084805 3b54                    Options.enable_blob_files: false
2021/02/18-19:55:09.084809 3b54                        Options.min_blob_size: 0
2021/02/18-19:55:09.084813 3b54                       Options.blob_file_size: 268435456
2021/02/18-19:55:09.084817 3b54                Options.blob_compression_type: NoCompression
2021/02/18-19:55:09.084821 3b54       Options.enable_blob_garbage_collection: false
2021/02/18-19:55:09.084825 3b54   Options.blob_garbage_collection_age_cutoff: 0.250000
2021/02/18-19:55:09.084962 3b54 [db\column_family.cc:597] --------------- Options for column family [duplicate]:
2021/02/18-19:55:09.084968 3b54               Options.comparator: leveldb.BytewiseComparator
2021/02/18-19:55:09.084973 3b54           Options.merge_operator: UInt64AddOperator
2021/02/18-19:55:09.084976 3b54        Options.compaction_filter: None
2021/02/18-19:55:09.084980 3b54        Options.compaction_filter_factory: None
2021/02/18-19:55:09.084984 3b54  Options.sst_partitioner_factory: None
2021/02/18-19:55:09.084988 3b54         Options.memtable_factory: SkipListFactory
2021/02/18-19:55:09.084992 3b54            Options.table_factory: BlockBasedTable
2021/02/18-19:55:09.085024 3b54            table_factory options:   flush_block_policy_factory: FlushBlockBySizePolicyFactory (000000000107F6B0)
  cache_index_and_filter_blocks: 1
  cache_index_and_filter_blocks_with_high_priority: 1
  pin_l0_filter_and_index_blocks_in_cache: 1
  pin_top_level_index_and_filter: 1
  index_type: 0
  data_block_index_type: 0
  index_shortening: 1
  data_block_hash_table_util_ratio: 0.750000
  hash_index_allow_collision: 1
  checksum: 1
  no_block_cache: 0
  block_cache: 0000000001010330
  block_cache_name: LRUCache
  block_cache_options:
    capacity : 8388608
    num_shard_bits : 4
    strict_capacity_limit : 0
    memory_allocator : None
    high_pri_pool_ratio: 0.500
  block_cache_compressed: 0000000000000000
  persistent_cache: 0000000000000000
  block_size: 4096
  block_size_deviation: 10
  block_restart_interval: 16
  index_block_restart_interval: 1
  metadata_block_size: 4096
  partition_filters: 0
  use_delta_encoding: 1
  filter_policy: rocksdb.BuiltinBloomFilter
  whole_key_filtering: 1
  verify_compression: 0
  read_amp_bytes_per_bit: 0
  format_version: 4
  enable_index_compression: 1
  block_align: 0
2021/02/18-19:55:09.085030 3b54        Options.write_buffer_size: 67108864
2021/02/18-19:55:09.085034 3b54  Options.max_write_buffer_number: 6
2021/02/18-19:55:09.085038 3b54          Options.compression: Snappy
2021/02/18-19:55:09.085042 3b54                  Options.bottommost_compression: Disabled
2021/02/18-19:55:09.085046 3b54       Options.prefix_extractor: nullptr
2021/02/18-19:55:09.085050 3b54   Options.memtable_insert_with_hint_prefix_extractor: nullptr
2021/02/18-19:55:09.085054 3b54             Options.num_levels: 4
2021/02/18-19:55:09.085058 3b54        Options.min_write_buffer_number_to_merge: 2
2021/02/18-19:55:09.085062 3b54     Options.max_write_buffer_number_to_maintain: 0
2021/02/18-19:55:09.085066 3b54     Options.max_write_buffer_size_to_maintain: 0
2021/02/18-19:55:09.085069 3b54            Options.bottommost_compression_opts.window_bits: -14
2021/02/18-19:55:09.085074 3b54                  Options.bottommost_compression_opts.level: 32767
2021/02/18-19:55:09.085078 3b54               Options.bottommost_compression_opts.strategy: 0
2021/02/18-19:55:09.085082 3b54         Options.bottommost_compression_opts.max_dict_bytes: 0
2021/02/18-19:55:09.085086 3b54         Options.bottommost_compression_opts.zstd_max_train_bytes: 0
2021/02/18-19:55:09.085090 3b54         Options.bottommost_compression_opts.parallel_threads: 1
2021/02/18-19:55:09.085094 3b54                  Options.bottommost_compression_opts.enabled: false
2021/02/18-19:55:09.085098 3b54            Options.compression_opts.window_bits: -14
2021/02/18-19:55:09.085102 3b54                  Options.compression_opts.level: 32767
2021/02/18-19:55:09.085106 3b54               Options.compression_opts.strategy: 0
2021/02/18-19:55:09.085111 3b54         Options.compression_opts.max_dict_bytes: 0
2021/02/18-19:55:09.085116 3b54         Options.compression_opts.zstd_max_train_bytes: 0
2021/02/18-19:55:09.085120 3b54         Options.compression_opts.parallel_threads: 1
2021/02/18-19:55:09.085124 3b54                  Options.compression_opts.enabled: false
2021/02/18-19:55:09.085128 3b54      Options.level0_file_num_compaction_trigger: 8
2021/02/18-19:55:09.085132 3b54          Options.level0_slowdown_writes_trigger: 16
2021/02/18-19:55:09.085136 3b54              Options.level0_stop_writes_trigger: 24
2021/02/18-19:55:09.085140 3b54                   Options.target_file_size_base: 67108864
2021/02/18-19:55:09.085144 3b54             Options.target_file_size_multiplier: 1
2021/02/18-19:55:09.085148 3b54                Options.max_bytes_for_level_base: 536870912
2021/02/18-19:55:09.085152 3b54 Options.level_compaction_dynamic_level_bytes: 0
2021/02/18-19:55:09.085156 3b54          Options.max_bytes_for_level_multiplier: 8.000000
2021/02/18-19:55:09.085161 3b54 Options.max_bytes_for_level_multiplier_addtl[0]: 1
2021/02/18-19:55:09.085164 3b54 Options.max_bytes_for_level_multiplier_addtl[1]: 1
2021/02/18-19:55:09.085169 3b54 Options.max_bytes_for_level_multiplier_addtl[2]: 1
2021/02/18-19:55:09.085172 3b54 Options.max_bytes_for_level_multiplier_addtl[3]: 1
2021/02/18-19:55:09.085176 3b54 Options.max_bytes_for_level_multiplier_addtl[4]: 1
2021/02/18-19:55:09.085180 3b54 Options.max_bytes_for_level_multiplier_addtl[5]: 1
2021/02/18-19:55:09.085184 3b54 Options.max_bytes_for_level_multiplier_addtl[6]: 1
2021/02/18-19:55:09.085188 3b54       Options.max_sequential_skip_in_iterations: 8
2021/02/18-19:55:09.085192 3b54                    Options.max_compaction_bytes: 1677721600
2021/02/18-19:55:09.085196 3b54                        Options.arena_block_size: 8388608
2021/02/18-19:55:09.085201 3b54   Options.soft_pending_compaction_bytes_limit: 68719476736
2021/02/18-19:55:09.085205 3b54   Options.hard_pending_compaction_bytes_limit: 274877906944
2021/02/18-19:55:09.085209 3b54       Options.rate_limit_delay_max_milliseconds: 100
2021/02/18-19:55:09.085213 3b54                Options.disable_auto_compactions: 0
2021/02/18-19:55:09.085217 3b54                        Options.compaction_style: kCompactionStyleUniversal
2021/02/18-19:55:09.085221 3b54                          Options.compaction_pri: kMinOverlappingRatio
2021/02/18-19:55:09.085225 3b54 Options.compaction_options_universal.size_ratio: 1
2021/02/18-19:55:09.085229 3b54 Options.compaction_options_universal.min_merge_width: 2
2021/02/18-19:55:09.085233 3b54 Options.compaction_options_universal.max_merge_width: 4294967295
2021/02/18-19:55:09.085237 3b54 Options.compaction_options_universal.max_size_amplification_percent: 200
2021/02/18-19:55:09.085241 3b54 Options.compaction_options_universal.compression_size_percent: 80
2021/02/18-19:55:09.085246 3b54 Options.compaction_options_universal.stop_style: kCompactionStopStyleTotalSize
2021/02/18-19:55:09.085250 3b54 Options.compaction_options_fifo.max_table_files_size: 1073741824
2021/02/18-19:55:09.085254 3b54 Options.compaction_options_fifo.allow_compaction: 0
2021/02/18-19:55:09.085259 3b54                   Options.table_properties_collectors: 
2021/02/18-19:55:09.085263 3b54                   Options.inplace_update_support: 0
2021/02/18-19:55:09.085267 3b54                 Options.inplace_update_num_locks: 10000
2021/02/18-19:55:09.085271 3b54               Options.memtable_prefix_bloom_size_ratio: 0.100000
2021/02/18-19:55:09.085275 3b54               Options.memtable_whole_key_filtering: 0
2021/02/18-19:55:09.085280 3b54   Options.memtable_huge_page_size: 0
2021/02/18-19:55:09.085283 3b54                           Options.bloom_locality: 0
2021/02/18-19:55:09.085287 3b54                    Options.max_successive_merges: 64
2021/02/18-19:55:09.085291 3b54                Options.optimize_filters_for_hits: 0
2021/02/18-19:55:09.085295 3b54                Options.paranoid_file_checks: 0
2021/02/18-19:55:09.085300 3b54                Options.force_consistency_checks: 1
2021/02/18-19:55:09.085305 3b54                Options.report_bg_io_stats: 0
2021/02/18-19:55:09.085309 3b54                               Options.ttl: 2592000
2021/02/18-19:55:09.085313 3b54          Options.periodic_compaction_seconds: 2592000
2021/02/18-19:55:09.085316 3b54                    Options.enable_blob_files: false
2021/02/18-19:55:09.085321 3b54                        Options.min_blob_size: 0
2021/02/18-19:55:09.085324 3b54                       Options.blob_file_size: 268435456
2021/02/18-19:55:09.085329 3b54                Options.blob_compression_type: NoCompression
2021/02/18-19:55:09.085333 3b54       Options.enable_blob_garbage_collection: false
2021/02/18-19:55:09.085336 3b54   Options.blob_garbage_collection_age_cutoff: 0.250000
2021/02/18-19:55:09.085371 3b54 [db\column_family.cc:597] --------------- Options for column family [cacheSet]:
2021/02/18-19:55:09.085377 3b54               Options.comparator: leveldb.BytewiseComparator
2021/02/18-19:55:09.085381 3b54           Options.merge_operator: UInt64AddOperator
2021/02/18-19:55:09.085385 3b54        Options.compaction_filter: None
2021/02/18-19:55:09.085389 3b54        Options.compaction_filter_factory: None
2021/02/18-19:55:09.085393 3b54  Options.sst_partitioner_factory: None
2021/02/18-19:55:09.085397 3b54         Options.memtable_factory: SkipListFactory
2021/02/18-19:55:09.085401 3b54            Options.table_factory: BlockBasedTable
2021/02/18-19:55:09.085430 3b54            table_factory options:   flush_block_policy_factory: FlushBlockBySizePolicyFactory (000000000107F6B0)
  cache_index_and_filter_blocks: 1
  cache_index_and_filter_blocks_with_high_priority: 1
  pin_l0_filter_and_index_blocks_in_cache: 1
  pin_top_level_index_and_filter: 1
  index_type: 0
  data_block_index_type: 0
  index_shortening: 1
  data_block_hash_table_util_ratio: 0.750000
  hash_index_allow_collision: 1
  checksum: 1
  no_block_cache: 0
  block_cache: 0000000001010330
  block_cache_name: LRUCache
  block_cache_options:
    capacity : 8388608
    num_shard_bits : 4
    strict_capacity_limit : 0
    memory_allocator : None
    high_pri_pool_ratio: 0.500
  block_cache_compressed: 0000000000000000
  persistent_cache: 0000000000000000
  block_size: 4096
  block_size_deviation: 10
  block_restart_interval: 16
  index_block_restart_interval: 1
  metadata_block_size: 4096
  partition_filters: 0
  use_delta_encoding: 1
  filter_policy: rocksdb.BuiltinBloomFilter
  whole_key_filtering: 1
  verify_compression: 0
  read_amp_bytes_per_bit: 0
  format_version: 4
  enable_index_compression: 1
  block_align: 0
2021/02/18-19:55:09.085435 3b54        Options.write_buffer_size: 67108864
2021/02/18-19:55:09.085439 3b54  Options.max_write_buffer_number: 6
2021/02/18-19:55:09.085443 3b54          Options.compression: Snappy
2021/02/18-19:55:09.085448 3b54                  Options.bottommost_compression: Disabled
2021/02/18-19:55:09.085452 3b54       Options.prefix_extractor: nullptr
2021/02/18-19:55:09.085456 3b54   Options.memtable_insert_with_hint_prefix_extractor: nullptr
2021/02/18-19:55:09.085459 3b54             Options.num_levels: 4
2021/02/18-19:55:09.085463 3b54        Options.min_write_buffer_number_to_merge: 2
2021/02/18-19:55:09.085467 3b54     Options.max_write_buffer_number_to_maintain: 0
2021/02/18-19:55:09.085471 3b54     Options.max_write_buffer_size_to_maintain: 0
2021/02/18-19:55:09.085475 3b54            Options.bottommost_compression_opts.window_bits: -14
2021/02/18-19:55:09.085479 3b54                  Options.bottommost_compression_opts.level: 32767
2021/02/18-19:55:09.085484 3b54               Options.bottommost_compression_opts.strategy: 0
2021/02/18-19:55:09.085487 3b54         Options.bottommost_compression_opts.max_dict_bytes: 0
2021/02/18-19:55:09.085492 3b54         Options.bottommost_compression_opts.zstd_max_train_bytes: 0
2021/02/18-19:55:09.085496 3b54         Options.bottommost_compression_opts.parallel_threads: 1
2021/02/18-19:55:09.085500 3b54                  Options.bottommost_compression_opts.enabled: false
2021/02/18-19:55:09.085505 3b54            Options.compression_opts.window_bits: -14
2021/02/18-19:55:09.085510 3b54                  Options.compression_opts.level: 32767
2021/02/18-19:55:09.085514 3b54               Options.compression_opts.strategy: 0
2021/02/18-19:55:09.085518 3b54         Options.compression_opts.max_dict_bytes: 0
2021/02/18-19:55:09.085522 3b54         Options.compression_opts.zstd_max_train_bytes: 0
2021/02/18-19:55:09.085526 3b54         Options.compression_opts.parallel_threads: 1
2021/02/18-19:55:09.085530 3b54                  Options.compression_opts.enabled: false
2021/02/18-19:55:09.085534 3b54      Options.level0_file_num_compaction_trigger: 8
2021/02/18-19:55:09.085538 3b54          Options.level0_slowdown_writes_trigger: 16
2021/02/18-19:55:09.085542 3b54              Options.level0_stop_writes_trigger: 24
2021/02/18-19:55:09.085546 3b54                   Options.target_file_size_base: 67108864
2021/02/18-19:55:09.085550 3b54             Options.target_file_size_multiplier: 1
2021/02/18-19:55:09.085554 3b54                Options.max_bytes_for_level_base: 536870912
2021/02/18-19:55:09.085558 3b54 Options.level_compaction_dynamic_level_bytes: 0
2021/02/18-19:55:09.085562 3b54          Options.max_bytes_for_level_multiplier: 8.000000
2021/02/18-19:55:09.085566 3b54 Options.max_bytes_for_level_multiplier_addtl[0]: 1
2021/02/18-19:55:09.085570 3b54 Options.max_bytes_for_level_multiplier_addtl[1]: 1
2021/02/18-19:55:09.085574 3b54 Options.max_bytes_for_level_multiplier_addtl[2]: 1
2021/02/18-19:55:09.085578 3b54 Options.max_bytes_for_level_multiplier_addtl[3]: 1
2021/02/18-19:55:09.085582 3b54 Options.max_bytes_for_level_multiplier_addtl[4]: 1
2021/02/18-19:55:09.085586 3b54 Options.max_bytes_for_level_multiplier_addtl[5]: 1
2021/02/18-19:55:09.085590 3b54 Options.max_bytes_for_level_multiplier_addtl[6]: 1
2021/02/18-19:55:09.085594 3b54       Options.max_sequential_skip_in_iterations: 8
2021/02/18-19:55:09.085598 3b54                    Options.max_compaction_bytes: 1677721600
2021/02/18-19:55:09.085602 3b54                        Options.arena_block_size: 8388608
2021/02/18-19:55:09.085606 3b54   Options.soft_pending_compaction_bytes_limit: 68719476736
2021/02/18-19:55:09.085610 3b54   Options.hard_pending_compaction_bytes_limit: 274877906944
2021/02/18-19:55:09.085614 3b54       Options.rate_limit_delay_max_milliseconds: 100
2021/02/18-19:55:09.085618 3b54                Options.disable_auto_compactions: 0
2021/02/18-19:55:09.085622 3b54                        Options.compaction_style: kCompactionStyleUniversal
2021/02/18-19:55:09.085626 3b54                          Options.compaction_pri: kMinOverlappingRatio
2021/02/18-19:55:09.085630 3b54 Options.compaction_options_universal.size_ratio: 1
2021/02/18-19:55:09.085634 3b54 Options.compaction_options_universal.min_merge_width: 2
2021/02/18-19:55:09.085638 3b54 Options.compaction_options_universal.max_merge_width: 4294967295
2021/02/18-19:55:09.085643 3b54 Options.compaction_options_universal.max_size_amplification_percent: 200
2021/02/18-19:55:09.085647 3b54 Options.compaction_options_universal.compression_size_percent: 80
2021/02/18-19:55:09.085651 3b54 Options.compaction_options_universal.stop_style: kCompactionStopStyleTotalSize
2021/02/18-19:55:09.085655 3b54 Options.compaction_options_fifo.max_table_files_size: 1073741824
2021/02/18-19:55:09.085659 3b54 Options.compaction_options_fifo.allow_compaction: 0
2021/02/18-19:55:09.085664 3b54                   Options.table_properties_collectors: 
2021/02/18-19:55:09.085668 3b54                   Options.inplace_update_support: 0
2021/02/18-19:55:09.085672 3b54                 Options.inplace_update_num_locks: 10000
2021/02/18-19:55:09.085676 3b54               Options.memtable_prefix_bloom_size_ratio: 0.100000
2021/02/18-19:55:09.085680 3b54               Options.memtable_whole_key_filtering: 0
2021/02/18-19:55:09.085684 3b54   Options.memtable_huge_page_size: 0
2021/02/18-19:55:09.085688 3b54                           Options.bloom_locality: 0
2021/02/18-19:55:09.085708 3b54                    Options.max_successive_merges: 64
2021/02/18-19:55:09.085714 3b54                Options.optimize_filters_for_hits: 0
2021/02/18-19:55:09.085717 3b54                Options.paranoid_file_checks: 0
2021/02/18-19:55:09.085722 3b54                Options.force_consistency_checks: 1
2021/02/18-19:55:09.085725 3b54                Options.report_bg_io_stats: 0
2021/02/18-19:55:09.085729 3b54                               Options.ttl: 2592000
2021/02/18-19:55:09.085733 3b54          Options.periodic_compaction_seconds: 2592000
2021/02/18-19:55:09.085737 3b54                    Options.enable_blob_files: false
2021/02/18-19:55:09.085741 3b54                        Options.min_blob_size: 0
2021/02/18-19:55:09.085745 3b54                       Options.blob_file_size: 268435456
2021/02/18-19:55:09.085749 3b54                Options.blob_compression_type: NoCompression
2021/02/18-19:55:09.085753 3b54       Options.enable_blob_garbage_collection: false
2021/02/18-19:55:09.085757 3b54   Options.blob_garbage_collection_age_cutoff: 0.250000
2021/02/18-19:55:09.085798 3b54 [db\column_family.cc:597] --------------- Options for column family [request0]:
2021/02/18-19:55:09.085804 3b54               Options.comparator: leveldb.BytewiseComparator
2021/02/18-19:55:09.085808 3b54           Options.merge_operator: UInt64AddOperator
2021/02/18-19:55:09.085811 3b54        Options.compaction_filter: None
2021/02/18-19:55:09.085815 3b54        Options.compaction_filter_factory: None
2021/02/18-19:55:09.085819 3b54  Options.sst_partitioner_factory: None
2021/02/18-19:55:09.085823 3b54         Options.memtable_factory: SkipListFactory
2021/02/18-19:55:09.085827 3b54            Options.table_factory: BlockBasedTable
2021/02/18-19:55:09.085856 3b54            table_factory options:   flush_block_policy_factory: FlushBlockBySizePolicyFactory (000000000107F6B0)
  cache_index_and_filter_blocks: 1
  cache_index_and_filter_blocks_with_high_priority: 1
  pin_l0_filter_and_index_blocks_in_cache: 1
  pin_top_level_index_and_filter: 1
  index_type: 0
  data_block_index_type: 0
  index_shortening: 1
  data_block_hash_table_util_ratio: 0.750000
  hash_index_allow_collision: 1
  checksum: 1
  no_block_cache: 0
  block_cache: 0000000001010330
  block_cache_name: LRUCache
  block_cache_options:
    capacity : 8388608
    num_shard_bits : 4
    strict_capacity_limit : 0
    memory_allocator : None
    high_pri_pool_ratio: 0.500
  block_cache_compressed: 0000000000000000
  persistent_cache: 0000000000000000
  block_size: 4096
  block_size_deviation: 10
  block_restart_interval: 16
  index_block_restart_interval: 1
  metadata_block_size: 4096
  partition_filters: 0
  use_delta_encoding: 1
  filter_policy: rocksdb.BuiltinBloomFilter
  whole_key_filtering: 1
  verify_compression: 0
  read_amp_bytes_per_bit: 0
  format_version: 4
  enable_index_compression: 1
  block_align: 0
2021/02/18-19:55:09.085861 3b54        Options.write_buffer_size: 67108864
2021/02/18-19:55:09.085865 3b54  Options.max_write_buffer_number: 6
2021/02/18-19:55:09.085868 3b54          Options.compression: Snappy
2021/02/18-19:55:09.085872 3b54                  Options.bottommost_compression: Disabled
2021/02/18-19:55:09.085877 3b54       Options.prefix_extractor: nullptr
2021/02/18-19:55:09.085880 3b54   Options.memtable_insert_with_hint_prefix_extractor: nullptr
2021/02/18-19:55:09.085884 3b54             Options.num_levels: 4
2021/02/18-19:55:09.085888 3b54        Options.min_write_buffer_number_to_merge: 2
2021/02/18-19:55:09.085892 3b54     Options.max_write_buffer_number_to_maintain: 0
2021/02/18-19:55:09.085896 3b54     Options.max_write_buffer_size_to_maintain: 0
2021/02/18-19:55:09.085900 3b54            Options.bottommost_compression_opts.window_bits: -14
2021/02/18-19:55:09.085904 3b54                  Options.bottommost_compression_opts.level: 32767
2021/02/18-19:55:09.085908 3b54               Options.bottommost_compression_opts.strategy: 0
2021/02/18-19:55:09.085912 3b54         Options.bottommost_compression_opts.max_dict_bytes: 0
2021/02/18-19:55:09.085917 3b54         Options.bottommost_compression_opts.zstd_max_train_bytes: 0
2021/02/18-19:55:09.085922 3b54         Options.bottommost_compression_opts.parallel_threads: 1
2021/02/18-19:55:09.085926 3b54                  Options.bottommost_compression_opts.enabled: false
2021/02/18-19:55:09.085930 3b54            Options.compression_opts.window_bits: -14
2021/02/18-19:55:09.085934 3b54                  Options.compression_opts.level: 32767
2021/02/18-19:55:09.085938 3b54               Options.compression_opts.strategy: 0
2021/02/18-19:55:09.085942 3b54         Options.compression_opts.max_dict_bytes: 0
2021/02/18-19:55:09.085946 3b54         Options.compression_opts.zstd_max_train_bytes: 0
2021/02/18-19:55:09.085950 3b54         Options.compression_opts.parallel_threads: 1
2021/02/18-19:55:09.085954 3b54                  Options.compression_opts.enabled: false
2021/02/18-19:55:09.085958 3b54      Options.level0_file_num_compaction_trigger: 8
2021/02/18-19:55:09.085962 3b54          Options.level0_slowdown_writes_trigger: 16
2021/02/18-19:55:09.085966 3b54              Options.level0_stop_writes_trigger: 24
2021/02/18-19:55:09.085970 3b54                   Options.target_file_size_base: 67108864
2021/02/18-19:55:09.085974 3b54             Options.target_file_size_multiplier: 1
2021/02/18-19:55:09.085978 3b54                Options.max_bytes_for_level_base: 536870912
2021/02/18-19:55:09.085981 3b54 Options.level_compaction_dynamic_level_bytes: 0
2021/02/18-19:55:09.085986 3b54          Options.max_bytes_for_level_multiplier: 8.000000
2021/02/18-19:55:09.085990 3b54 Options.max_bytes_for_level_multiplier_addtl[0]: 1
2021/02/18-19:55:09.085994 3b54 Options.max_bytes_for_level_multiplier_addtl[1]: 1
2021/02/18-19:55:09.085998 3b54 Options.max_bytes_for_level_multiplier_addtl[2]: 1
2021/02/18-19:55:09.086002 3b54 Options.max_bytes_for_level_multiplier_addtl[3]: 1
2021/02/18-19:55:09.086005 3b54 Options.max_bytes_for_level_multiplier_addtl[4]: 1
2021/02/18-19:55:09.086010 3b54 Options.max_bytes_for_level_multiplier_addtl[5]: 1
2021/02/18-19:55:09.086013 3b54 Options.max_bytes_for_level_multiplier_addtl[6]: 1
2021/02/18-19:55:09.086017 3b54       Options.max_sequential_skip_in_iterations: 8
2021/02/18-19:55:09.086021 3b54                    Options.max_compaction_bytes: 1677721600
2021/02/18-19:55:09.086025 3b54                        Options.arena_block_size: 8388608
2021/02/18-19:55:09.086030 3b54   Options.soft_pending_compaction_bytes_limit: 68719476736
2021/02/18-19:55:09.086033 3b54   Options.hard_pending_compaction_bytes_limit: 274877906944
2021/02/18-19:55:09.086038 3b54       Options.rate_limit_delay_max_milliseconds: 100
2021/02/18-19:55:09.086041 3b54                Options.disable_auto_compactions: 0
2021/02/18-19:55:09.086046 3b54                        Options.compaction_style: kCompactionStyleUniversal
2021/02/18-19:55:09.086050 3b54                          Options.compaction_pri: kMinOverlappingRatio
2021/02/18-19:55:09.086054 3b54 Options.compaction_options_universal.size_ratio: 1
